0 1 0 0 1 0 0 0 1 0 0 0 0 1 0 1 0 1 1 0 0 1 1 0 1 1 0 1 0 0 1 0 0 1 0 0 1 0 0 1 0 0 1 0 1 0 1 1 0 0 0 0 0 1 0 0 0 0 0 0 1 1 0 0 1 1 0 1 0 1 0 0 1 1 1 0 1 0 1 0 0 0 0 0 1 0 1 1 0 1 1 1 1 0 1 0 0 1 0 0 1 1 1 1 1 0 0 0 1 0 1 1 0 0 1 1 1 1 0 0 1 0 0 0 0 0 1 1 0 1 1 1 0 0 0 0 1 1 0 0 0 0 1 1 1 0 0 1 0 1 1 0 0 1 0 1 1 0 0 1 0 1 1 1 1 0 0 1 1 1 1 0 1 1 1 0 1 0 0 0 1 1 0 1 1 0 1 1 0 1 1 1 0 0 1 0 1 1 1 0 0 0 1 1 1 1 0 1 1 1 1 0 0 0 0 1 1 0 0 1 1 0 1 1 0 0 1 0 0 1 0 1 0 1 1 1 1 1 0 1 1 0 1 1 0 1 0 1 0 0 1 0 1 1 0 1 0 0 1 0 0 1 0 1 0 1 1 1 0 0 0 0 0 1 0 1 1 0 0 0 0 0 1 1 0 1 1 1 0 0 0 0 1 0 0 1 1 1 0 0 0 0 1 1 1 1 0 0 0 1 1 1 0 0 1 1 0 0 0 0 0 0 1 1 0 1 1 0 0 0 1 0 1 0 1 0 0 0 0 0 0 0 1 0 0 1 1 1 0 0 0 1 1 0 1 1 0 0 0 1 0 1 0 1 1 0 1 1 1 1 1 1 1 1 1 1 1 1 0 0 0 0 1 0 0 0 0 0 1 1 1 0 1 1 0 0 1 1 0 0 1 1 1 0 0 0 0 1 0 0 0 1 1 0 1 0 0 1 0 1 0 1 0 0 1 0 0 0 0 1 0 1 1 0 1 0 1 1 1 1 1 1 0 1 1 1 1 1 1 0 1 0 1 0 0 0 1 1 0 1 1 0 0 1 1 1 1 1 1 0 1 1 1 0 1 1 0 0 1 1 0 1 1 0 1 0 0 1 1 0 0 1 0 1 1 0 1 0 1 0 
-0.108178999177 2.09932636745 
1.21155925506 0.0633420695934 
0.0886860100104 2.52194955157 
2.22085622619 2.83639477058 
1.98832715918 1.77789467651 
0.951265368592 2.43098942812 
-0.638690769483 1.42121591086 
0.0245390646272 2.6333751375 
1.84795555798 1.80878037165 
3.18435909184 2.07796899744 
-0.546107802511 2.83348818201 
-0.315274624901 1.46234388597 
-1.26775554416 2.60282812553 
3.1444247822 -1.16204657348 
0.526765591113 0.495178561402 
0.785613930846 1.96709300032 
0.472452927671 2.31282183202 
-0.604789541352 0.381697675354 
1.04869578206 0.548286287 
0.654808534646 2.78692510062 
0.140222889947 2.30824263283 
0.359921040146 2.13075357004 
1.52632403563 1.49680398594 
-0.0811770141969 2.42179801866 
1.01648814887 0.460330729839 
2.35541645667 0.347550343752 
0.220401502379 1.02388233225 
0.224492373375 -0.0155058614665 
1.10221440962 3.07410033529 
0.0192708513065 -0.0495476217764 
1.7270142443 -0.612390457477 
-1.35493451088 1.67391965968 
0.498635059994 3.93776415763 
1.26245528667 2.58098524054 
1.41764015075 2.73411825512 
0.196297676525 1.39040145191 
1.24714331651 0.841894763949 
-1.21813515135 4.10266905896 
-0.557118326874 3.36303895341 
2.43880582461 1.2346356568 
-0.186197621384 2.183724222 
0.0472124069807 1.87153816854 
1.35821051699 1.39807830353 
1.24917276442 2.27356868022 
-0.574202288256 -0.438349111876 
0.179020594502 1.91842700218 
1.38713816029 0.304265013035 
1.96407948655 0.413736653099 
1.58841937749 3.44991563605 
-0.818391812462 3.81002434334 
0.471114625412 2.53104539928 
2.87127981414 3.09637315071 
-0.0226700982956 0.971261479602 
1.26721652057 0.0790306636652 
-0.424687186171 3.26890995182 
-0.935925869709 1.65857378036 
-0.216565236583 3.09515438869 
-0.659333613138 1.71407361898 
0.118953201331 1.91251448615 
1.40899386305 2.47062131667 
1.25321542429 1.83797714565 
1.03798307528 1.16886558931 
-1.12576280828 1.93915338351 
2.3556939997 3.057938322 
1.3032344347 1.88388121676 
1.316754266 0.861702650415 
1.34605896357 3.29299553038 
0.621692033528 1.17320033484 
0.445963587983 1.86500647133 
0.228211361173 0.689619339711 
1.25992559049 2.97539781769 
0.13414112802 0.776942370306 
-0.252055412488 -0.136599374309 
0.089753529565 0.88193978312 
-0.417306438357 -0.761711164154 
1.17795320381 3.45373989329 
1.6327538448 1.34438781552 
1.98261958376 0.0819086387107 
0.277943416014 0.481640577583 
0.177248867575 2.24929382999 
0.0929060566189 0.992473147324 
0.69641001735 3.12853270021 
2.00146312185 2.70502572793 
1.58779463516 2.80715739445 
2.25250432491 0.513687936313 
1.27446300138 1.68547456699 
2.78261991446 0.315843407659 
0.681384313069 -0.345804491103 
0.35802808508 2.24584689311 
1.53487271183 0.332602129582 
1.35766887523 2.67477616171 
0.66257854417 -1.34249571807 
2.51698972279 0.970135578245 
2.75788966326 0.697527989125 
-0.00500934117569 0.012083492511 
0.537630020923 2.64573044001 
2.02091425363 3.62125243362 
-0.343126221827 1.31448475278 
0.297481545692 1.75704414969 
0.630088202594 1.83256524658 
0.528617122722 0.470183053813 
1.25324241519 0.898543930201 
2.04942434631 -0.103708843448 
0.829234863896 0.543024130279 
0.179313237911 0.123162361149 
-0.669220219918 1.8396014126 
2.13626997148 2.31612141921 
0.68743523617 2.10129012276 
0.436231092908 1.57325101448 
1.35257123813 1.40972864332 
1.74761749086 -0.654074382986 
-0.271052961447 1.72490717598 
1.55664443859 1.69850785987 
1.62753572382 0.917067843371 
1.01277605736 1.27023776699 
0.579468398036 -0.200506097761 
1.25502653584 -0.567906818641 
1.06463948263 1.2167342377 
-0.373090645781 4.06195861682 
0.76857674459 1.15877005279 
2.3526478136 0.654164393747 
1.39831394737 2.46911187892 
0.402204272302 2.34618660177 
-1.44814476657 2.34067226052 
0.585860006988 2.73484734348 
0.870867469286 2.11765138319 
-0.434098927545 -0.23460793682 
0.0974772581921 0.270242737882 
-1.09480335806 2.76227304283 
1.10222016726 -0.628267239435 
1.43404925439 0.255655128419 
0.635244762567 -2.59731122483 
2.79205173696 1.091877841 
-0.256619782775 1.32545512507 
0.953797479004 0.615649977447 
1.32976630335 1.90243508356 
1.69820421103 -0.258673867542 
0.923290269222 -0.539170112525 
-0.15548336356 -0.0715094885002 
-1.14206330769 2.61467591925 
0.786373213479 3.47827956041 
-1.60646803193 2.27561557796 
1.38239145383 1.06571838436 
1.75073425445 0.473443955217 
1.49380018675 0.0785893892646 
-0.684988365841 4.09551484937 
0.768059638316 2.05374327408 
0.573829719664 0.852096370132 
-1.54254942851 4.21638652508 
1.96855137529 0.854035910292 
0.969047209583 0.131288736039 
-0.80472187045 2.41894453307 
2.22700771673 3.14628805504 
0.7156576528 -0.39145856551 
1.26138801668 0.968013023531 
0.359913474357 0.775794425373 
0.175904563463 2.2715554301 
0.303081368264 1.34424517611 
-0.146187054408 1.78915249774 
-0.332146964787 0.407431018411 
-0.251427957118 3.69490825913 
-0.11216869471 1.23378935121 
2.05807202813 -1.59849178309 
0.970164242251 0.057614777795 
-0.19898789868 1.41627798002 
-0.164273543114 1.76094028854 
1.01141169981 1.9803473325 
-0.151524169921 1.75025990163 
0.265519248794 -0.438948306667 
0.222007253177 -0.669480094353 
1.38045036721 0.296057406424 
1.41998341339 2.49185864753 
0.605318936591 0.553545859402 
1.55657737913 0.694979618654 
1.31191343152 2.19150061062 
0.212464504713 1.44216569788 
2.39862276701 -0.0610114121695 
-0.456311216645 1.74184397052 
1.3507310506 -0.503725429251 
0.64308246497 2.53005618333 
1.84030780283 1.03609120937 
0.576330723614 0.714519804935 
2.74744398996 2.10963651206 
2.3136177678 -1.05816656825 
0.805028079768 -0.464247388073 
1.4382234568 2.00053645543 
0.66208267073 1.38692437087 
0.937251753439 1.81642906978 
1.61477096138 1.07196215536 
1.63956095345 -0.892664895614 
1.05823558505 0.379190251522 
0.426976203059 2.00107501002 
1.23532337348 0.96294870852 
0.774478728166 2.7607374982 
3.04169391563 0.142066053942 
-1.20997078016 2.53917413912 
2.10583106443 -2.11035283638 
0.130232833815 1.76130219711 
0.349607979152 1.74667762062 
-0.147711039106 2.82832695867 
0.0212894932205 0.734987550598 
-0.529906836014 2.07403890778 
1.55667899905 0.871460451678 
0.786295969263 -0.429358512841 
-0.119977184127 0.0907177544891 
0.494930968737 1.5395815644 
0.0745160585135 1.40443885228 
1.48012285336 0.546727975382 
0.481921786699 -1.43575401501 
0.808092732385 -0.635204790703 
-1.21197029795 0.850330885059 
1.25954098795 3.18133249251 
2.41107706575 3.63240845516 
0.179122070226 0.475889857394 
-0.399650708357 0.1710971955 
0.34033472356 0.331357283551 
1.39211500996 1.92015378611 
0.377594382041 3.17206637544 
0.762651396997 1.26097858073 
1.3794138714 0.828067363505 
1.78337404961 -0.090300806784 
-1.76742919013 1.12938682009 
0.0801451658096 0.693275285931 
-0.976581954782 0.82570835082 
1.06472585589 1.94359490815 
1.05542531713 1.92921856321 
2.41289530744 0.145733576545 
-2.06485477656 2.80551225916 
-0.782349959212 3.12129037188 
-1.33654005642 0.469166011674 
1.85266688738 1.46244447917 
1.97010187994 0.181237083734 
0.220131668322 2.95435005952 
-0.394286110924 2.44678790972 
3.5248341523 -1.7964898184 
0.189955718808 -0.142351273795 
-0.190304750877 0.143868192115 
2.18181779121 0.621336246462 
0.442431078613 2.37240131948 
1.24111380963 -0.759741823764 
1.14278163386 0.069684267089 
0.914393770051 2.82880169875 
-0.605000765518 -1.11893589434 
1.47582904514 2.1450134028 
2.37128573633 0.804134602582 
0.269762900291 0.398747735684 
1.36396780086 2.03678619524 
0.168661372272 -0.450110326497 
0.890476680451 1.46708357278 
-0.541800244036 1.80195029914 
0.380452328869 0.921078980057 
1.25479822092 2.5081864812 
1.00421065569 1.52802655808 
0.36970766818 1.41771446853 
-0.566493424712 2.97214150105 
1.5256861654 0.422639592625 
0.419893433949 3.86523638537 
0.554652261656 2.45436556146 
1.7180627851 1.24550393833 
1.4311811266 -0.587783503465 
0.644641577239 2.38407469992 
-0.474762808665 -1.32883512476 
-0.497375698411 0.680058656261 
0.884054249 0.0668063810186 
0.0084792252653 2.77225196207 
2.62040451513 0.190259198292 
0.371170085745 -2.38572267531 
1.46866666799 0.627624695702 
1.00919991573 1.57610569391 
1.15451812131 1.69117387634 
-0.11051889765 1.03599667776 
1.97638723307 4.04778283975 
1.18659218838 2.15566455281 
0.81068419078 0.894225080864 
-0.170417927532 1.63765969778 
0.960358151793 -0.869564039676 
-0.149995201766 -0.691364470966 
0.858960040554 2.29395546891 
2.65137098855 3.48842161316 
0.389682514848 1.48841537736 
-0.827772371238 1.69030905891 
-0.23746233919 0.768529708329 
0.492363596184 0.474237038354 
0.972281212694 0.184894481376 
-0.47236934236 1.35877630102 
0.0208020084175 2.13040854624 
0.522275443452 -0.366959712025 
2.8772250074 0.234665173769 
0.844501436448 2.85846683192 
1.17967379034 2.84664280738 
0.123441494882 2.308597519 
-0.41916332511 2.20383905952 
1.29880394535 -0.352665055425 
1.13144950434 0.581270255091 
0.887181384913 -0.620699092702 
1.25147732403 0.778454812097 
2.10900979517 -0.18254415848 
1.33596500668 -0.929251637095 
1.1133664903 0.549836008117 
1.4375558462 2.23944490511 
-0.95839966029 2.95219161306 
1.43538700705 1.99688357063 
1.8911534191 -0.355921910669 
0.971500740268 0.447446787234 
1.35250337651 1.44594981076 
0.09484471921 1.69215121442 
0.533893556575 1.9647098137 
-0.109181029692 1.91397193399 
0.632178610434 3.60616717069 
0.895725120936 0.853593642009 
1.32436693321 1.27881798905 
0.2101406631 -0.95251546307 
0.426508637178 2.04458838743 
1.12826656537 0.534937619413 
2.0620436472 -0.547380810402 
3.37428079124 -0.830329277059 
1.95471375485 3.00444560319 
0.38491618748 2.56249216566 
-0.560417925794 0.731875726545 
0.0489455174711 2.33323209294 
-1.2804034114 2.50737545647 
2.44404734752 2.54198698641 
1.22560105066 1.53076704845 
1.2697517217 -0.439888427385 
0.615047131977 2.55388302717 
0.557600878016 0.232100359393 
1.39348254863 1.74665709694 
0.134703290516 0.535419475073 
-0.164158560662 1.63070435142 
-0.0547264367435 2.56794370999 
2.29271159881 0.660328842701 
0.100808221865 1.84959091315 
0.666034479935 1.5134169661 
1.35709852617 2.42876556957 
0.621330630271 -0.415213161133 
2.00812990004 3.87148297114 
-0.67701480151 3.05272015068 
0.352185338595 3.28878502633 
0.463808914874 1.41386275452 
-0.294494116554 2.0415043647 
-0.281781035172 2.69114285502 
-0.764660320777 2.92938401956 
0.108520315846 0.641585679034 
-0.0293840032372 1.17306380437 
-0.616248300155 2.20405874299 
0.175047913546 0.471791585577 
0.531531426734 0.374026847289 
1.03986574436 2.0180914445 
-0.668047392549 2.93309176543 
1.80727191557 1.26947484517 
1.066656537 2.50154812072 
-0.378329155551 -0.141225815901 
0.238964506207 1.54347020468 
-0.700724218511 1.64507730943 
-0.653584454778 -0.440139528126 
-0.660596267055 0.336365847409 
0.665561181527 1.75011272752 
-0.46780996122 1.80591188802 
-1.05266197517 2.21515565792 
1.50874888711 3.20818694399 
-0.512080308116 0.607122566947 
-0.918069322448 -0.463951664166 
-0.00989741141906 4.08142571754 
0.912858435946 0.757583071806 
1.07858803773 -1.34539744152 
0.931998272019 2.4855679911 
2.00016954986 2.58270007717 
-0.615331532814 0.0427600337091 
0.0886521880387 1.46585282138 
1.49601899499 2.18471082765 
1.5709456521 0.887874787641 
0.803374826465 0.146582099514 
1.59164229579 -0.835720468024 
1.48141567335 -1.38090858104 
0.751200915701 0.189254848135 
1.95804225683 0.273515427642 
0.495143841507 1.09388710343 
0.952965782465 0.707548270199 
0.369970994145 1.47171545973 
1.18190819196 1.99232022558 
-0.184325408503 1.79234050218 
-0.420628206686 1.72757604275 
2.42897859201 0.0384500363111 
1.64046660406 3.23151225576 
0.281231363109 3.0320725758 
0.0529814875516 4.0011573922 
1.30972075132 2.15718631002 
-0.206432820458 2.0022591234 
0.367577440582 0.624650783265 
0.261931566238 1.00461879405 
0.602970458284 -0.381132767569 
1.98221411243 1.94673539996 
1.08752844383 0.236308785199 
1.34479438701 0.96887244454 
0.0326025357559 2.16937282275 
1.30265486176 2.21081925291 
0.171084452482 -1.0927555697 
0.322712408209 1.12880667421 
1.21722560145 2.28087657448 
-0.195875858464 3.81144445991 
1.07920870349 1.31610845878 
2.209012362 -0.183071928036 
0.331307106855 0.158434729165 
1.34496565118 1.50086807042 
-2.17103719872 2.75821318808 
0.801202740924 1.29779792442 
1.2886998427 2.23015383889 
0.520116159059 -0.603048272583 
0.330468023109 4.40861716102 
0.176582507146 2.20805900595 
1.58448188494 1.91767786238 
1.49806690556 0.760278901523 
-0.796622895221 0.752435734431 
1.01202606311 2.24031575077 
1.0674004953 -1.11816288089 
-0.276008884633 0.714102189923 
0.459952810935 2.58022553425 
1.78302945638 1.31623924132 
-0.149301986279 1.7546218494 
0.652486644055 -0.777364361814 
0.354433479605 3.2296374697 
0.679671904796 -0.904557028179 
-0.582617582237 3.20634539066 
0.864560570429 1.05249287314 
0.656929757496 -0.496783965587 
-0.231469349279 1.33890067517 
-0.203914808511 3.68827071797 
-0.325011242771 0.425611061393 
1.16042979629 2.55935549997 
0.765988315006 0.266587046179 
1.67616483163 2.46883627565 
1.58359644043 1.3413057173 
2.35409540308 -0.515774594237 
0.827039164489 4.17293722521 
1.96437622425 1.86115953601 
0.981876816622 2.03578972469 
0.805156750474 -0.410088077839 
1.19156233317 0.54515318589 
0.991865688856 2.82957718119 
0.298589101922 0.645389230698 
-1.55516287225 -0.705118533683 
0.917144355651 -1.2118679819 
-1.00312255343 2.59128536499 
1.96403230427 -0.076808763133 
-0.320291661913 -0.312741558288 
3.03889044218 0.404236403513 
2.05656925331 0.376544822409 
-0.924170340765 -0.211059899761 
0.473324134145 -0.0218058281858 
-0.40733152192 2.53879616158 
2.03947619371 -0.209119214792 
-0.482969531171 2.46671086824 
0.640762913866 -0.0614609096647 
0.103255230092 2.24624525304 
0.0849580923001 3.37433873411 
-0.0146816613693 4.56434734327 
1.80032859782 -1.21276646115 
3.62205834848 0.044799536118 
-0.737300479557 2.99625664013 
1.07276777615 2.78845663599 
0.642988337574 0.00499573681377 
0.355254461686 1.85410278432 
-0.0215171424784 1.71381936211 
1.31453824872 -1.87176244582 
0.0832652698921 0.686934977801 
0.925936486162 0.468111214482 
1.21097295997 2.11977486276 
2.45061725723 0.844918414926 
0.82473691995 0.33894905066 
-1.52827158853 1.61243903035 
-1.34195314451 1.31288413047 
1.03626165963 0.975836038424 
0.506054082723 -0.735854760443 
1.71842572 3.35427351251 
1.61751358145 0.0849730199982 
0.896579749175 1.58191170953 
0.884141751935 1.05883215499 
0.945550645494 1.18728164999 
1.50453212964 0.597281411349 
0.23534709891 -0.0827740780425 
2.35569302942 1.17461578385 
-0.304577893878 -1.51979285982 
-0.522795584367 0.866150651001 
0.448852221046 0.983800165983 
1.39517865674 0.639143387563 
-0.382662109909 1.57304399896 
-0.139952520368 1.67086654526 
-0.714722437093 -0.854410924143 
0.109628990897 0.701328457046 
1.61672910379 2.64789461007 
1.66691461043 1.97196882791 
0.0948928499221 -0.814236519133 
-0.325229219931 0.685469335922 
1.22270345787 -1.33273102574 
1.70409449308 0.0668228743911 
-1.80048500074 2.40337807875 
1.92289403361 1.82379589636 
-0.84612343213 0.805176157927 
0.680183108218 -0.132436646891 
-0.199702571755 0.93781626063 
